------------------------------------------------------------------- 
Nombre: Huella 
Fecha: 2013-08-27 
Numero de terminaciones: 66 
Numero de bifurcaciones: 115 
------------------------------------------------------------------- 
------------------------------------------------------------------- 
Terminaciones: 
------------------------------------------------------------------- 
X          Y     Angulo 
129 	 378 	 -1.57 
129 	 384 	 1.05 
132 	 390 	 -1.57 
137 	 335 	 -1.57 
148 	 356 	 -1.57 
154 	 391 	 2.09 
156 	 199 	 -1.57 
156 	 421 	 -2.09 
158 	 155 	 -1.57 
158 	 243 	 -2.09 
161 	 312 	 1.57 
166 	 169 	 1.05 
169 	 266 	 1.57 
173 	 238 	 1.05 
173 	 417 	 -1.57 
174 	 129 	 2.62 
175 	 258 	 0.00 
175 	 359 	 -0.79 
179 	 144 	 2.09 
180 	 130 	 2.09 
185 	 343 	 1.57 
191 	 330 	 0.52 
193 	 170 	 -1.05 
214 	 356 	 -2.09 
215 	 243 	 1.57 
218 	 201 	 0.52 
224 	 345 	 0.00 
233 	 265 	 -1.57 
234 	 307 	 3.14 
249 	 233 	 -0.79 
249 	 241 	 0.79 
250 	 140 	 -2.36 
262 	 172 	 2.09 
276 	 246 	 1.57 
279 	 274 	 -1.57 
283 	 152 	 1.57 
286 	 169 	 1.05 
288 	 222 	 0.79 
297 	 287 	 -1.57 
297 	 302 	 -2.09 
300 	 122 	 -2.62 
305 	 208 	 -2.09 
308 	 126 	 -0.52 
311 	 312 	 0.52 
317 	 271 	 -1.57 
320 	 279 	 -1.57 
321 	 366 	 0.00 
333 	 400 	 -1.57 
338 	 425 	 -2.09 
347 	 121 	 1.57 
348 	 371 	 -2.36 
349 	 205 	 -1.57 
354 	 378 	 -1.57 
355 	 185 	 -0.52 
358 	 145 	 -1.57 
366 	 285 	 1.57 
371 	 404 	 1.57 
373 	 373 	 2.36 
376 	 295 	 1.57 
379 	 150 	 -1.57 
379 	 318 	 1.57 
380 	 376 	 -1.57 
383 	 300 	 3.14 
391 	 366 	 -1.05 
402 	 345 	 1.57 
413 	 377 	 1.05 
------------------------------------------------------------------- 
Bifurcaciones: 
------------------------------------------------------------------- 
X          Y     Angulo 1     Angulo 2    Angulo 3 
128 	 332 	 2.36 	 	 -1.57 	 	 0.79 
142 	 315 	 3.14 	 	 0.79 	 	 -0.79 
144 	 370 	 -2.09 	 	 1.05 	 	 -0.52 
147 	 320 	 2.36 	 	 -2.36 	 	 0.52 
148 	 408 	 2.09 	 	 -2.09 	 	 -0.52 
154 	 358 	 -2.62 	 	 1.57 	 	 -0.79 
155 	 403 	 2.36 	 	 -1.57 	 	 0.79 
159 	 162 	 3.14 	 	 2.09 	 	 0.00 
161 	 306 	 3.14 	 	 -1.57 	 	 0.52 
161 	 400 	 3.14 	 	 1.57 	 	 -1.05 
162 	 274 	 3.14 	 	 -1.57 	 	 0.52 
162 	 419 	 3.14 	 	 -1.57 	 	 1.05 
163 	 361 	 3.14 	 	 -1.57 	 	 0.79 
166 	 163 	 3.14 	 	 -1.57 	 	 0.52 
171 	 353 	 -2.62 	 	 2.09 	 	 0.00 
173 	 163 	 3.14 	 	 1.57 	 	 -0.52 
174 	 340 	 -2.36 	 	 1.57 	 	 0.00 
176 	 294 	 -2.62 	 	 1.57 	 	 -0.52 
177 	 285 	 3.14 	 	 -1.57 	 	 0.52 
178 	 138 	 2.62 	 	 -1.57 	 	 0.52 
182 	 270 	 3.14 	 	 1.57 	 	 0.00 
184 	 243 	 -2.09 	 	 1.57 	 	 0.00 
188 	 189 	 3.14 	 	 1.57 	 	 -0.52 
192 	 259 	 2.62 	 	 -2.09 	 	 0.52 
195 	 177 	 -2.62 	 	 1.57 	 	 0.00 
197 	 152 	 3.14 	 	 1.57 	 	 -0.52 
197 	 299 	 3.14 	 	 -1.57 	 	 0.00 
197 	 349 	 2.62 	 	 -1.57 	 	 0.52 
198 	 308 	 -2.62 	 	 2.09 	 	 -0.52 
198 	 336 	 3.14 	 	 1.57 	 	 -0.52 
202 	 176 	 3.14 	 	 1.57 	 	 -0.79 
207 	 168 	 2.36 	 	 -2.09 	 	 0.00 
209 	 181 	 2.62 	 	 -2.09 	 	 0.52 
210 	 298 	 -2.62 	 	 1.57 	 	 -0.79 
211 	 292 	 2.36 	 	 -1.57 	 	 0.52 
212 	 331 	 2.36 	 	 -2.09 	 	 0.00 
214 	 206 	 3.14 	 	 -1.57 	 	 0.00 
214 	 380 	 -2.62 	 	 -1.57 	 	 0.00 
214 	 386 	 -2.62 	 	 1.57 	 	 -0.52 
217 	 192 	 -2.62 	 	 1.05 	 	 -0.79 
217 	 218 	 -2.62 	 	 1.57 	 	 -0.52 
221 	 171 	 2.62 	 	 -1.57 	 	 0.00 
221 	 241 	 2.36 	 	 -2.09 	 	 0.00 
225 	 181 	 -2.62 	 	 1.57 	 	 -0.52 
229 	 169 	 -2.62 	 	 1.57 	 	 -0.79 
232 	 286 	 2.36 	 	 -2.09 	 	 0.00 
232 	 338 	 3.14 	 	 1.57 	 	 -0.79 
234 	 328 	 3.14 	 	 -1.05 	 	 0.79 
235 	 169 	 -2.36 	 	 1.57 	 	 -0.79 
236 	 152 	 2.62 	 	 1.05 	 	 -0.79 
241 	 290 	 2.62 	 	 -1.57 	 	 0.52 
243 	 188 	 2.62 	 	 -1.57 	 	 0.00 
245 	 260 	 2.36 	 	 -2.09 	 	 0.00 
249 	 316 	 2.36 	 	 -2.36 	 	 0.00 
253 	 189 	 3.14 	 	 1.05 	 	 -0.52 
254 	 328 	 2.62 	 	 -1.57 	 	 0.00 
260 	 330 	 2.62 	 	 -1.05 	 	 0.79 
261 	 166 	 2.36 	 	 -1.57 	 	 0.00 
262 	 137 	 2.36 	 	 -1.05 	 	 0.52 
263 	 241 	 3.14 	 	 -2.09 	 	 0.00 
264 	 218 	 3.14 	 	 1.57 	 	 -0.52 
264 	 268 	 2.62 	 	 1.05 	 	 -0.79 
267 	 152 	 3.14 	 	 1.57 	 	 -0.52 
267 	 340 	 -2.62 	 	 2.09 	 	 0.00 
273 	 295 	 3.14 	 	 1.57 	 	 -0.79 
275 	 255 	 2.62 	 	 -1.57 	 	 0.00 
277 	 213 	 3.14 	 	 0.52 	 	 -0.79 
282 	 348 	 2.36 	 	 -1.57 	 	 0.00 
283 	 216 	 3.14 	 	 1.57 	 	 -0.79 
289 	 233 	 2.62 	 	 -1.57 	 	 0.00 
290 	 274 	 3.14 	 	 1.57 	 	 -0.79 
292 	 328 	 -2.62 	 	 2.09 	 	 -0.79 
292 	 359 	 2.36 	 	 -2.36 	 	 -1.05 
293 	 308 	 2.62 	 	 -1.05 	 	 0.79 
294 	 265 	 2.62 	 	 -2.09 	 	 0.00 
295 	 294 	 2.62 	 	 0.79 	 	 -0.79 
298 	 180 	 2.36 	 	 -1.57 	 	 0.00 
298 	 313 	 2.62 	 	 -1.57 	 	 0.00 
299 	 366 	 2.62 	 	 1.05 	 	 -1.05 
300 	 336 	 -2.62 	 	 2.09 	 	 -0.52 
303 	 239 	 3.14 	 	 1.05 	 	 -0.52 
304 	 202 	 2.36 	 	 -2.36 	 	 -0.52 
307 	 227 	 3.14 	 	 0.79 	 	 -0.79 
307 	 271 	 2.36 	 	 0.79 	 	 -0.79 
313 	 218 	 2.62 	 	 -2.09 	 	 0.52 
316 	 307 	 2.36 	 	 -2.09 	 	 -0.52 
317 	 355 	 2.62 	 	 0.79 	 	 -0.79 
323 	 162 	 3.14 	 	 1.05 	 	 -0.79 
323 	 312 	 2.36 	 	 -2.36 	 	 -0.79 
324 	 251 	 2.62 	 	 -2.09 	 	 -0.52 
325 	 232 	 -2.62 	 	 1.05 	 	 -0.79 
327 	 371 	 2.09 	 	 -1.05 	 	 0.00 
331 	 202 	 3.14 	 	 0.79 	 	 -0.79 
336 	 273 	 3.14 	 	 1.05 	 	 0.00 
336 	 371 	 3.14 	 	 1.05 	 	 -0.79 
337 	 195 	 3.14 	 	 -2.09 	 	 0.00 
340 	 376 	 -2.36 	 	 2.09 	 	 0.00 
342 	 143 	 3.14 	 	 1.57 	 	 -0.79 
346 	 211 	 2.62 	 	 1.05 	 	 -0.52 
350 	 417 	 3.14 	 	 1.05 	 	 -1.05 
352 	 384 	 2.62 	 	 0.79 	 	 -0.79 
355 	 151 	 2.62 	 	 1.05 	 	 -0.52 
355 	 217 	 2.62 	 	 -2.09 	 	 0.00 
358 	 255 	 2.62 	 	 1.05 	 	 -0.79 
361 	 186 	 3.14 	 	 -1.57 	 	 0.79 
366 	 278 	 2.62 	 	 -1.57 	 	 0.00 
368 	 318 	 -2.36 	 	 2.09 	 	 -0.52 
369 	 158 	 3.14 	 	 -1.57 	 	 0.00 
371 	 363 	 2.36 	 	 -1.57 	 	 0.52 
373 	 266 	 3.14 	 	 1.05 	 	 -0.79 
373 	 322 	 2.36 	 	 -2.36 	 	 -0.52 
374 	 380 	 3.14 	 	 1.05 	 	 0.00 
383 	 410 	 2.09 	 	 -1.05 	 	 0.00 
384 	 311 	 2.36 	 	 -2.36 	 	 -0.52 
385 	 321 	 -2.36 	 	 1.57 	 	 0.00 
